111111111222222222333333333444444444555555555666666666
4
111111111555222222222333333333444444444555555666666666
4
111111111444222222555333333222444444333555555666666666
10
115115113444222222551331331244244244633655655665663663
2
115115222443221221111533533544644644633655655422663663
7
515515322224224113111133233544644644636656654122563563
1
515515344221222112211331331344244244636656654665563563
12
122515344521622312211331331345241245664355666665563444
3
351412452211622312345331331664241245521355666665563444
